0.59672958D+00     381
  0.1000000D+01  0.0000000D+00  0.0000000D+00  0.9926447D+00  0.0000000D+00  0.0000000D+00
  0.2935279D+01  0.0000000D+00  0.0000000D+00  0.2935528D+01  0.0000000D+00  0.0000000D+00
  0.4770432D+01  0.4908012D+01  0.4895545D+01  0.4770433D+01  0.1258103D-01  0.1797180D-02
  0.6491644D+01  0.6611608D+01  0.6603071D+01  0.6491404D+01  0.7742261D-02  0.8273261D-03
  0.8107829D+01  0.8224079D+01  0.8217759D+01  0.8107666D+01  0.2529098D-02  0.1356421D-02
  0.9646285D+01  0.9742252D+01  0.9737414D+01  0.9646755D+01  0.1718041D-02  0.2275862D-02
  0.1116686D+02  0.1123420D+02  0.1122931D+02  0.1116659D+02  0.1485749D-02  0.2109997D-02
  0.1266714D+02  0.1272427D+02  0.1272001D+02  0.1266640D+02  0.8273938D-03 -0.9889830D-03
  0.1415379D+02  0.1419997D+02  0.1419669D+02  0.1415319D+02  0.5427487D-02 -0.5881132D-03
  0.1563887D+02  0.1567359D+02  0.1567095D+02  0.1563848D+02  0.9807003D-02 -0.7245007D-03
  0.1713581D+02  0.1716285D+02  0.1716010D+02  0.1713492D+02  0.1012138D-01 -0.1023386D-02
  0.1861888D+02  0.1864514D+02  0.1864266D+02  0.1861777D+02  0.1072278D-01 -0.4108605D-02
  0.2009194D+02  0.2011498D+02  0.2011328D+02  0.2009131D+02  0.1517880D-01 -0.2460779D-02
  0.2156558D+02  0.2158362D+02  0.2158201D+02  0.2156496D+02  0.1550107D-01 -0.2654166D-02
  0.2303629D+02  0.2305478D+02  0.2305291D+02  0.2303526D+02  0.1358900D-01 -0.3793413D-02
  0.2448642D+02  0.2450419D+02  0.2450259D+02  0.2448545D+02  0.1486435D-01 -0.5862294D-02
  0.2592884D+02  0.2594560D+02  0.2594445D+02  0.2592827D+02  0.1719842D-01 -0.3408842D-02
  0.2736918D+02  0.2738302D+02  0.2738179D+02  0.2736854D+02  0.1492430D-01 -0.3931437D-02
  0.2879786D+02  0.2881406D+02  0.2881248D+02  0.2879680D+02  0.1395259D-01 -0.5687435D-02
  0.3020817D+02  0.3022237D+02  0.3022122D+02  0.3020745D+02  0.1668936D-01 -0.5742755D-02
  0.3161623D+02  0.3163037D+02  0.3162935D+02  0.3161566D+02  0.1706391D-01 -0.3449901D-02
  0.3301641D+02  0.3302907D+02  0.3302785D+02  0.3301565D+02  0.1508419D-01 -0.5557906D-02
  0.3440000D+02  0.3441494D+02  0.3441348D+02  0.3439892D+02  0.1673719D-01 -0.7150551D-02
  0.3576914D+02  0.3578170D+02  0.3578077D+02  0.3576854D+02  0.1921498D-01 -0.6034900D-02
  0.3713408D+02  0.3714773D+02  0.3714665D+02  0.3713335D+02  0.1754651D-01 -0.5965171D-02
  0.3848093D+02  0.3849396D+02  0.3849271D+02  0.3847999D+02  0.1710600D-01 -0.9479677D-02
  0.3980981D+02  0.3982440D+02  0.3982314D+02  0.3980880D+02  0.1928206D-01 -0.9565953D-02
  0.4112643D+02  0.4113902D+02  0.4113825D+02  0.4112589D+02  0.1879283D-01 -0.8812740D-02
  0.4243213D+02  0.4244654D+02  0.4244539D+02  0.4243123D+02  0.1621239D-01 -0.1100881D-01
  0.4371556D+02  0.4372912D+02  0.4372799D+02  0.4371463D+02  0.1722286D-01 -0.1320356D-01
  0.4498688D+02  0.4500127D+02  0.4500032D+02  0.4498611D+02  0.1735926D-01 -0.1146829D-01
  0.4624704D+02  0.4626006D+02  0.4625932D+02  0.4624652D+02  0.1487669D-01 -0.1238251D-01
  0.4749315D+02  0.4750780D+02  0.4750659D+02  0.4749215D+02  0.1412627D-01 -0.1446182D-01
  0.4872275D+02  0.4873591D+02  0.4873500D+02  0.4872203D+02  0.1554985D-01 -0.1382443D-01
  0.4994671D+02  0.4996060D+02  0.4995980D+02  0.4994612D+02  0.1380189D-01 -0.1261555D-01
  0.5115779D+02  0.5117072D+02  0.5116980D+02  0.5115711D+02  0.1302254D-01 -0.1497938D-01
  0.5235676D+02  0.5237071D+02  0.5236954D+02  0.5235581D+02  0.1449136D-01 -0.1489639D-01
  0.5354547D+02  0.5355789D+02  0.5355718D+02  0.5354497D+02  0.1482889D-01 -0.1386723D-01
  0.5472702D+02  0.5474053D+02  0.5473957D+02  0.5472632D+02  0.1365937D-01 -0.1518598D-01
  0.5589266D+02  0.5590525D+02  0.5590417D+02  0.5589183D+02  0.1561469D-01 -0.1694693D-01
  0.5704881D+02  0.5706212D+02  0.5706114D+02  0.5704805D+02  0.1644719D-01 -0.1589721D-01
  0.5819289D+02  0.5820524D+02  0.5820447D+02  0.5819237D+02  0.1599858D-01 -0.1750468D-01
  0.5932378D+02  0.5933731D+02  0.5933611D+02  0.5932282D+02  0.1671037D-01 -0.1962749D-01
  0.6043808D+02  0.6045061D+02  0.6044967D+02  0.6043736D+02  0.1828804D-01 -0.2004537D-01
  0.6154164D+02  0.6155510D+02  0.6155421D+02  0.6154097D+02  0.1714113D-01 -0.2089108D-01
  0.6262737D+02  0.6264020D+02  0.6263922D+02  0.6262661D+02  0.1748510D-01 -0.2391208D-01
  0.6369819D+02  0.6371195D+02  0.6371082D+02  0.6369727D+02  0.1796474D-01 -0.2448055D-01
  0.6475306D+02  0.6476597D+02  0.6476523D+02  0.6475253D+02  0.1717156D-01 -0.2559921D-01
  0.6579395D+02  0.6580792D+02  0.6580689D+02  0.6579314D+02  0.1601650D-01 -0.2787359D-01
  0.6681640D+02  0.6682959D+02  0.6682863D+02  0.6681564D+02  0.1653718D-01 -0.2921261D-01
  0.6782665D+02  0.6784063D+02  0.6783976D+02  0.6782599D+02  0.1495627D-01 -0.2944821D-01
  0.6882090D+02  0.6883417D+02  0.6883336D+02  0.6882031D+02  0.1398279D-01 -0.3171327D-01
  0.6980195D+02  0.6981604D+02  0.6981497D+02  0.6980110D+02  0.1353610D-01 -0.3243777D-01
  0.7076874D+02  0.7078194D+02  0.7078121D+02  0.7076824D+02  0.1276250D-01 -0.3283249D-01
  0.7172513D+02  0.7173913D+02  0.7173823D+02  0.7172448D+02  0.1118505D-01 -0.3403625D-01
  0.7266715D+02  0.7268031D+02  0.7267940D+02  0.7266649D+02  0.1146296D-01 -0.3508709D-01
  0.7359996D+02  0.7361378D+02  0.7361290D+02  0.7359935D+02  0.1045259D-01 -0.3479028D-01
  0.7452078D+02  0.7453375D+02  0.7453299D+02  0.7452030D+02  0.9962148D-02 -0.3615530D-01
  0.7543215D+02  0.7544583D+02  0.7544480D+02  0.7543141D+02  0.9916019D-02 -0.3664433D-01
  0.7633205D+02  0.7634480D+02  0.7634402D+02  0.7633157D+02  0.1009062D-01 -0.3692366D-01
  0.7722380D+02  0.7723727D+02  0.7723637D+02  0.7722321D+02  0.9471206D-02 -0.3776202D-01
  0.7810341D+02  0.7811602D+02  0.7811512D+02  0.7810282D+02  0.1047325D-01 -0.3888063D-01
  0.7897451D+02  0.7898780D+02  0.7898687D+02  0.7897390D+02  0.1039534D-01 -0.3899326D-01
  0.7983384D+02  0.7984630D+02  0.7984551D+02  0.7983338D+02  0.1086829D-01 -0.4055474D-01
  0.8068340D+02  0.8069661D+02  0.8069557D+02  0.8068269D+02  0.1141299D-01 -0.4148006D-01
  0.8152033D+02  0.8153270D+02  0.8153189D+02  0.8151987D+02  0.1218294D-01 -0.4254281D-01
  0.8234710D+02  0.8236027D+02  0.8235931D+02  0.8234650D+02  0.1216206D-01 -0.4398974D-01
  0.8315983D+02  0.8317220D+02  0.8317129D+02  0.8315928D+02  0.1334101D-01 -0.4572833D-01
  0.8396130D+02  0.8397448D+02  0.8397352D+02  0.8396070D+02  0.1333399D-01 -0.4679452D-01
  0.8474818D+02  0.8476059D+02  0.8475975D+02  0.8474772D+02  0.1392208D-01 -0.4906171D-01
  0.8552243D+02  0.8553571D+02  0.8553465D+02  0.8552176D+02  0.1415096D-01 -0.5058888D-01
  0.8628134D+02  0.8629382D+02  0.8629300D+02  0.8628091D+02  0.1451208D-01 -0.5250901D-01
  0.8702710D+02  0.8704048D+02  0.8703949D+02  0.8702650D+02  0.1418865D-01 -0.5451842D-01
  0.8775669D+02  0.8776928D+02  0.8776838D+02  0.8775618D+02  0.1467926D-01 -0.5663198D-01
  0.8847274D+02  0.8848624D+02  0.8848529D+02  0.8847219D+02  0.1397859D-01 -0.5831442D-01
  0.8917256D+02  0.8918527D+02  0.8918440D+02  0.8917210D+02  0.1403739D-01 -0.6080969D-01
  0.8985847D+02  0.8987210D+02  0.8987110D+02  0.8985789D+02  0.1341773D-01 -0.6243657D-01
  0.9052842D+02  0.9054122D+02  0.9054041D+02  0.9052803D+02  0.1305117D-01 -0.6464037D-01
  0.9118468D+02  0.9119842D+02  0.9119742D+02  0.9118411D+02  0.1219143D-01 -0.6652838D-01
  0.9182523D+02  0.9183811D+02  0.9183727D+02  0.9182483D+02  0.1188306D-01 -0.6848030D-01
  0.9245268D+02  0.9246649D+02  0.9246556D+02  0.9245219D+02  0.1065025D-01 -0.7016321D-01
  0.9306505D+02  0.9307797D+02  0.9307711D+02  0.9306465D+02  0.1031159D-01 -0.7223416D-01
  0.9366485D+02  0.9367870D+02  0.9367775D+02  0.9366436D+02  0.9121781D-02 -0.7357640D-01
  0.9425047D+02  0.9426340D+02  0.9426260D+02  0.9425015D+02  0.8537355D-02 -0.7554999D-01
  0.9482420D+02  0.9483807D+02  0.9483708D+02  0.9482370D+02  0.7494659D-02 -0.7688122D-01
  0.9538457D+02  0.9539746D+02  0.9539667D+02  0.9538428D+02  0.6931695D-02 -0.7852961D-01
  0.9593385D+02  0.9594769D+02  0.9594673D+02  0.9593341D+02  0.5817132D-02 -0.7987454D-01
  0.9647053D+02  0.9648336D+02  0.9648253D+02  0.9647023D+02  0.5493042D-02 -0.8140129D-01
  0.9699681D+02  0.9701059D+02  0.9700966D+02  0.9699642D+02  0.4395005D-02 -0.8254235D-01
  0.9751126D+02  0.9752400D+02  0.9752317D+02  0.9751098D+02  0.4163453D-02 -0.8414108D-01
  0.9801580D+02  0.9802951D+02  0.9802856D+02  0.9801542D+02  0.3306798D-02 -0.8511556D-01
  0.9850917D+02  0.9852179D+02  0.9852097D+02  0.9850892D+02  0.3109382D-02 -0.8667371D-01
  0.9899301D+02  0.9900662D+02  0.9900566D+02  0.9899263D+02  0.2460313D-02 -0.8772476D-01
  0.9946608D+02  0.9947858D+02  0.9947777D+02  0.9946587D+02  0.2431985D-02 -0.8914500D-01
  0.9992991D+02  0.9994343D+02  0.9994247D+02  0.9992956D+02  0.1876506D-02 -0.9030745D-01
  0.1003832D+03  0.1003956D+03  0.1003948D+03  0.1003830D+03  0.2068047D-02 -0.9175957D-01
  0.1008273D+03  0.1008408D+03  0.1008398D+03  0.1008270D+03  0.1607107D-02 -0.9289640D-01
  0.1012611D+03  0.1012733D+03  0.1012725D+03  0.1012609D+03  0.1947201D-02 -0.9452282D-01
  0.1016855D+03  0.1016989D+03  0.1016979D+03  0.1016852D+03  0.1634301D-02 -0.9567171D-01
  0.1020995D+03  0.1021117D+03  0.1021109D+03  0.1020994D+03  0.2032421D-02 -0.9739471D-01
  0.1025041D+03  0.1025174D+03  0.1025164D+03  0.1025038D+03  0.1882092D-02 -0.9870406D-01
  0.1028980D+03  0.1029101D+03  0.1029093D+03  0.1028979D+03  0.2313114D-02 -0.1004657D+00
  0.1032822D+03  0.1032954D+03  0.1032945D+03  0.1032819D+03  0.2242878D-02 -0.1019480D+00
  0.1036556D+03  0.1036676D+03  0.1036667D+03  0.1036555D+03  0.2760796D-02 -0.1038177D+00
  0.1040188D+03  0.1040320D+03  0.1040310D+03  0.1040185D+03  0.2662160D-02 -0.1054105D+00
  0.1043709D+03  0.1043829D+03  0.1043820D+03  0.1043708D+03  0.3268529D-02 -0.1074358D+00
  0.1047125D+03  0.1047256D+03  0.1047246D+03  0.1047122D+03  0.3147401D-02 -0.1091283D+00
  0.1050427D+03  0.1050545D+03  0.1050537D+03  0.1050426D+03  0.3730170D-02 -0.1112962D+00
  0.1053618D+03  0.1053750D+03  0.1053740D+03  0.1053616D+03  0.3651890D-02 -0.1130967D+00
  0.1056694D+03  0.1056812D+03  0.1056804D+03  0.1056693D+03  0.4133633D-02 -0.1153871D+00
  0.1059655D+03  0.1059787D+03  0.1059777D+03  0.1059653D+03  0.4069365D-02 -0.1173004D+00
  0.1062498D+03  0.1062616D+03  0.1062608D+03  0.1062497D+03  0.4490466D-02 -0.1196766D+00
  0.1065223D+03  0.1065355D+03  0.1065344D+03  0.1065221D+03  0.4345154D-02 -0.1217209D+00
  0.1067826D+03  0.1067945D+03  0.1067936D+03  0.1067826D+03  0.4751344D-02 -0.1241430D+00
  0.1070310D+03  0.1070442D+03  0.1070432D+03  0.1070308D+03  0.4493787D-02 -0.1263056D+00
  0.1072670D+03  0.1072788D+03  0.1072780D+03  0.1072670D+03  0.4854265D-02 -0.1287859D+00
  0.1074907D+03  0.1075040D+03  0.1075030D+03  0.1074906D+03  0.4521328D-02 -0.1309978D+00
  0.1077021D+03  0.1077139D+03  0.1077130D+03  0.1077021D+03  0.4786986D-02 -0.1335782D+00
  0.1079009D+03  0.1079142D+03  0.1079132D+03  0.1079008D+03  0.4403967D-02 -0.1357843D+00
  0.1080874D+03  0.1080992D+03  0.1080984D+03  0.1080874D+03  0.4566020D-02 -0.1384533D+00
  0.1082612D+03  0.1082745D+03  0.1082735D+03  0.1082611D+03  0.4128005D-02 -0.1406717D+00
  0.1084227D+03  0.1084345D+03  0.1084337D+03  0.1084228D+03  0.4198683D-02 -0.1433566D+00
  0.1085714D+03  0.1085848D+03  0.1085838D+03  0.1085714D+03  0.3701836D-02 -0.1456360D+00
  0.1087079D+03  0.1087198D+03  0.1087189D+03  0.1087080D+03  0.3689974D-02 -0.1482784D+00
  0.1088317D+03  0.1088451D+03  0.1088441D+03  0.1088316D+03  0.3135553D-02 -0.1506237D+00
  0.1089433D+03  0.1089552D+03  0.1089543D+03  0.1089434D+03  0.3058526D-02 -0.1532270D+00
  0.1090422D+03  0.1090557D+03  0.1090547D+03  0.1090422D+03  0.2435723D-02 -0.1555908D+00
  0.1091292D+03  0.1091411D+03  0.1091402D+03  0.1091294D+03  0.2325496D-02 -0.1581940D+00
  0.1092036D+03  0.1092170D+03  0.1092160D+03  0.1092036D+03  0.1620253D-02 -0.1605241D+00
  0.1092662D+03  0.1092780D+03  0.1092772D+03  0.1092663D+03  0.1498609D-02 -0.1631516D+00
  0.1093163D+03  0.1093298D+03  0.1093288D+03  0.1093163D+03  0.7225295D-03 -0.1654280D+00
  0.1093548D+03  0.1093667D+03  0.1093658D+03  0.1093550D+03  0.5773570D-03 -0.1680727D+00
  0.1093810D+03  0.1093946D+03  0.1093936D+03  0.1093811D+03 -0.2248120D-03 -0.1703055D+00
  0.1093960D+03  0.1094078D+03  0.1094070D+03  0.1093962D+03 -0.4284658D-03 -0.1729427D+00
  0.1093987D+03  0.1094122D+03  0.1094112D+03  0.1093988D+03 -0.1206868D-02 -0.1751535D+00
  0.1093904D+03  0.1094022D+03  0.1094014D+03  0.1093907D+03 -0.1490442D-02 -0.1777580D+00
  0.1093700D+03  0.1093836D+03  0.1093826D+03  0.1093702D+03 -0.2225962D-02 -0.1799661D+00
  0.1093390D+03  0.1093508D+03  0.1093499D+03  0.1093393D+03 -0.2572522D-02 -0.1825212D+00
  0.1092960D+03  0.1093096D+03  0.1093086D+03  0.1092962D+03 -0.3285743D-02 -0.1847373D+00
  0.1092426D+03  0.1092544D+03  0.1092535D+03  0.1092429D+03 -0.3649719D-02 -0.1872380D+00
  0.1091774D+03  0.1091910D+03  0.1091900D+03  0.1091776D+03 -0.4376278D-02 -0.1894625D+00
  0.1091021D+03  0.1091138D+03  0.1091130D+03  0.1091024D+03 -0.4716168D-02 -0.1919155D+00
  0.1090152D+03  0.1090288D+03  0.1090277D+03  0.1090154D+03 -0.5475155D-02 -0.1941400D+00
  0.1089184D+03  0.1089301D+03  0.1089292D+03  0.1089188D+03 -0.5775481D-02 -0.1965591D+00
  0.1088102D+03  0.1088237D+03  0.1088227D+03  0.1088104D+03 -0.6561885D-02 -0.1987726D+00
  0.1086923D+03  0.1087039D+03  0.1087031D+03  0.1086927D+03 -0.6826531D-02 -0.2011724D+00
  0.1085631D+03  0.1085767D+03  0.1085756D+03  0.1085634D+03 -0.7626792D-02 -0.2033649D+00
  0.1084246D+03  0.1084362D+03  0.1084353D+03  0.1084250D+03 -0.7862556D-02 -0.2057590D+00
  0.1082749D+03  0.1082885D+03  0.1082874D+03  0.1082752D+03 -0.8664408D-02 -0.2079215D+00
  0.1081161D+03  0.1081277D+03  0.1081268D+03  0.1081166D+03 -0.8880874D-02 -0.2103225D+00
  0.1079463D+03  0.1079598D+03  0.1079588D+03  0.1079466D+03 -0.9665891D-02 -0.2124487D+00
  0.1077676D+03  0.1077791D+03  0.1077782D+03  0.1077681D+03 -0.9883204D-02 -0.2148634D+00
  0.1075780D+03  0.1075915D+03  0.1075904D+03  0.1075783D+03 -0.1062619D-01 -0.2169555D+00
  0.1073797D+03  0.1073912D+03  0.1073902D+03  0.1073802D+03 -0.1086390D-01 -0.2193805D+00
  0.1071706D+03  0.1071841D+03  0.1071830D+03  0.1071710D+03 -0.1155285D-01 -0.2214498D+00
  0.1069531D+03  0.1069645D+03  0.1069635D+03  0.1069536D+03 -0.1180944D-01 -0.2238760D+00
  0.1067248D+03  0.1067383D+03  0.1067372D+03  0.1067252D+03 -0.1245532D-01 -0.2259334D+00
  0.1064883D+03  0.1064997D+03  0.1064988D+03  0.1064889D+03 -0.1271546D-01 -0.2283561D+00
  0.1062412D+03  0.1062547D+03  0.1062536D+03  0.1062416D+03 -0.1332947D-01 -0.2304061D+00
  0.1059861D+03  0.1059974D+03  0.1059965D+03  0.1059867D+03 -0.1359097D-01 -0.2328246D+00
  0.1057204D+03  0.1057338D+03  0.1057327D+03  0.1057208D+03 -0.1416757D-01 -0.2348715D+00
  0.1054469D+03  0.1054581D+03  0.1054571D+03  0.1054474D+03 -0.1443808D-01 -0.2372807D+00
  0.1051629D+03  0.1051762D+03  0.1051752D+03  0.1051633D+03 -0.1497722D-01 -0.2393335D+00
  0.1048712D+03  0.1048823D+03  0.1048814D+03  0.1048718D+03 -0.1524574D-01 -0.2417258D+00
  0.1045691D+03  0.1045824D+03  0.1045814D+03  0.1045696D+03 -0.1576906D-01 -0.2437899D+00
  0.1042595D+03  0.1042706D+03  0.1042697D+03  0.1042602D+03 -0.1601418D-01 -0.2461661D+00
  0.1039397D+03  0.1039530D+03  0.1039518D+03  0.1039401D+03 -0.1653427D-01 -0.2482369D+00
  0.1036124D+03  0.1036234D+03  0.1036225D+03  0.1036131D+03 -0.1676008D-01 -0.2506025D+00
  0.1032749D+03  0.1032882D+03  0.1032871D+03  0.1032755D+03 -0.1726188D-01 -0.2526777D+00
  0.1029303D+03  0.1029412D+03  0.1029403D+03  0.1029309D+03 -0.1748509D-01 -0.2550296D+00
  0.1025754D+03  0.1025886D+03  0.1025876D+03  0.1025760D+03 -0.1796460D-01 -0.2571152D+00
  0.1022136D+03  0.1022245D+03  0.1022235D+03  0.1022142D+03 -0.1817348D-01 -0.2594476D+00
  0.1018416D+03  0.1018548D+03  0.1018536D+03  0.1018421D+03 -0.1865330D-01 -0.2615429D+00
  0.1014627D+03  0.1014735D+03  0.1014726D+03  0.1014634D+03 -0.1883049D-01 -0.2638617D+00
  0.1010738D+03  0.1010869D+03  0.1010858D+03  0.1010744D+03 -0.1931120D-01 -0.2659559D+00
  0.1006781D+03  0.1006889D+03  0.1006880D+03  0.1006789D+03 -0.1947568D-01 -0.2682680D+00
  0.1002725D+03  0.1002856D+03  0.1002845D+03  0.1002731D+03 -0.1993152D-01 -0.2703589D+00
  0.9986033D+02  0.9987104D+02  0.9987005D+02  0.9986107D+02 -0.2009816D-01 -0.2726579D+00
  0.9943819D+02  0.9945128D+02  0.9945017D+02  0.9943883D+02 -0.2053693D-01 -0.2747506D+00
  0.9900965D+02  0.9902030D+02  0.9901933D+02  0.9901044D+02 -0.2067964D-01 -0.2770347D+00
  0.9857128D+02  0.9858433D+02  0.9858317D+02  0.9857190D+02 -0.2112666D-01 -0.2791188D+00
  0.9812658D+02  0.9813716D+02  0.9813621D+02  0.9812741D+02 -0.2124018D-01 -0.2814011D+00
  0.9767216D+02  0.9768517D+02  0.9768403D+02  0.9767282D+02 -0.2167362D-01 -0.2834624D+00
  0.9721159D+02  0.9722211D+02  0.9722111D+02  0.9721241D+02 -0.2179141D-01 -0.2857446D+00
  0.9674132D+02  0.9675429D+02  0.9675316D+02  0.9674202D+02 -0.2218910D-01 -0.2877868D+00
  0.9626509D+02  0.9627554D+02  0.9627455D+02  0.9626593D+02 -0.2230359D-01 -0.2900593D+00
  0.9577925D+02  0.9579218D+02  0.9579102D+02  0.9577994D+02 -0.2269430D-01 -0.2920803D+00
  0.9528755D+02  0.9529794D+02  0.9529698D+02  0.9528845D+02 -0.2277873D-01 -0.2943522D+00
  0.9478640D+02  0.9479929D+02  0.9479811D+02  0.9478710D+02 -0.2315797D-01 -0.2963322D+00
  0.9427954D+02  0.9428986D+02  0.9428886D+02  0.9428042D+02 -0.2324929D-01 -0.2986129D+00
  0.9376326D+02  0.9377611D+02  0.9377497D+02  0.9376403D+02 -0.2356708D-01 -0.3005514D+00
  0.9324151D+02  0.9325178D+02  0.9325074D+02  0.9324239D+02 -0.2369063D-01 -0.3028231D+00
  0.9271042D+02  0.9272322D+02  0.9272206D+02  0.9271119D+02 -0.2395875D-01 -0.3047336D+00
  0.9217400D+02  0.9218419D+02  0.9218319D+02  0.9217493D+02 -0.2407748D-01 -0.3069873D+00
  0.9162842D+02  0.9164117D+02  0.9163998D+02  0.9162918D+02 -0.2431631D-01 -0.3088601D+00
  0.9107763D+02  0.9108776D+02  0.9108674D+02  0.9107857D+02 -0.2444841D-01 -0.3110993D+00
  0.9051780D+02  0.9053051D+02  0.9052935D+02  0.9051862D+02 -0.2460607D-01 -0.3129382D+00
  0.8995302D+02  0.8996308D+02  0.8996201D+02  0.8995394D+02 -0.2479094D-01 -0.3151312D+00
  0.8937927D+02  0.8939193D+02  0.8939077D+02  0.8938011D+02 -0.2487390D-01 -0.3169693D+00
  0.8880076D+02  0.8881076D+02  0.8880972D+02  0.8880174D+02 -0.2505415D-01 -0.3190846D+00
  0.8821352D+02  0.8822613D+02  0.8822490D+02  0.8821432D+02 -0.2512449D-01 -0.3209231D+00
  0.8762163D+02  0.8763155D+02  0.8763052D+02  0.8762264D+02 -0.2527632D-01 -0.3229655D+00
  0.8702121D+02  0.8703376D+02  0.8703256D+02  0.8702205D+02 -0.2530597D-01 -0.3247936D+00
  0.8641640D+02  0.8642625D+02  0.8642518D+02  0.8641738D+02 -0.2546420D-01 -0.3267470D+00
  0.8580320D+02  0.8581569D+02  0.8581448D+02  0.8580405D+02 -0.2546262D-01 -0.3285797D+00
  0.8518583D+02  0.8519560D+02  0.8519457D+02  0.8518687D+02 -0.2555575D-01 -0.3304322D+00
  0.8456036D+02  0.8457279D+02  0.8457151D+02  0.8456116D+02 -0.2560788D-01 -0.3322375D+00
  0.8393086D+02  0.8394056D+02  0.8393954D+02  0.8393193D+02 -0.2560343D-01 -0.3340347D+00
  0.8329353D+02  0.8330591D+02  0.8330465D+02  0.8329439D+02 -0.2566208D-01 -0.3357571D+00
  0.8265250D+02  0.8266212D+02  0.8266103D+02  0.8265353D+02 -0.2564213D-01 -0.3375138D+00
  0.8200380D+02  0.8201610D+02  0.8201487D+02  0.8200469D+02 -0.2566491D-01 -0.3391506D+00
  0.8135171D+02  0.8136125D+02  0.8136018D+02  0.8135277D+02 -0.2560476D-01 -0.3408569D+00
  0.8069227D+02  0.8070451D+02  0.8070322D+02  0.8069313D+02 -0.2563748D-01 -0.3423809D+00
  0.8002967D+02  0.8003913D+02  0.8003805D+02  0.8003074D+02 -0.2555392D-01 -0.3440640D+00
  0.7936003D+02  0.7937219D+02  0.7937095D+02  0.7936096D+02 -0.2549932D-01 -0.3454548D+00
  0.7868764D+02  0.7869702D+02  0.7869586D+02  0.7868866D+02 -0.2551034D-01 -0.3470714D+00
  0.7800843D+02  0.7802051D+02  0.7801926D+02  0.7800936D+02 -0.2533664D-01 -0.3483933D+00
  0.7732681D+02  0.7733609D+02  0.7733498D+02  0.7732789D+02 -0.2537084D-01 -0.3498729D+00
  0.7663882D+02  0.7665081D+02  0.7664949D+02  0.7663969D+02 -0.2518933D-01 -0.3511364D+00
  0.7594865D+02  0.7595785D+02  0.7595674D+02  0.7594975D+02 -0.2521446D-01 -0.3524890D+00
  0.7525253D+02  0.7526443D+02  0.7526314D+02  0.7525345D+02 -0.2497759D-01 -0.3536763D+00
  0.7455467D+02  0.7456376D+02  0.7456260D+02  0.7455573D+02 -0.2504943D-01 -0.3548738D+00
  0.7385117D+02  0.7386298D+02  0.7386166D+02  0.7385207D+02 -0.2481424D-01 -0.3560058D+00
  0.7314628D+02  0.7315527D+02  0.7315417D+02  0.7314741D+02 -0.2480219D-01 -0.3570592D+00
  0.7243629D+02  0.7244800D+02  0.7244663D+02  0.7243716D+02 -0.2467019D-01 -0.3580521D+00
  0.7172522D+02  0.7173411D+02  0.7173296D+02  0.7172632D+02 -0.2463790D-01 -0.3590454D+00
  0.7100942D+02  0.7102102D+02  0.7101972D+02  0.7101037D+02 -0.2445398D-01 -0.3598627D+00
  0.7029307D+02  0.7030185D+02  0.7030065D+02  0.7029413D+02 -0.2452502D-01 -0.3607485D+00
  0.6957236D+02  0.6958385D+02  0.6958249D+02  0.6957326D+02 -0.2433221D-01 -0.3614522D+00
  0.6885141D+02  0.6886007D+02  0.6885893D+02  0.6885254D+02 -0.2440874D-01 -0.3622063D+00
  0.6812665D+02  0.6813803D+02  0.6813664D+02  0.6812754D+02 -0.2423920D-01 -0.3627771D+00
  0.6740202D+02  0.6741057D+02  0.6740936D+02  0.6740309D+02 -0.2444223D-01 -0.3633952D+00
  0.6667389D+02  0.6668514D+02  0.6668380D+02  0.6667483D+02 -0.2420262D-01 -0.3639006D+00
  0.6594634D+02  0.6595476D+02  0.6595357D+02  0.6594743D+02 -0.2447810D-01 -0.3643078D+00
  0.6521575D+02  0.6522687D+02  0.6522543D+02  0.6521659D+02 -0.2438568D-01 -0.3647473D+00
  0.6448589D+02  0.6449420D+02  0.6449302D+02  0.6448701D+02 -0.2460917D-01 -0.3650612D+00
  0.6375344D+02  0.6376444D+02  0.6376305D+02  0.6375435D+02 -0.2458403D-01 -0.3653164D+00
  0.6302213D+02  0.6303031D+02  0.6302903D+02  0.6302316D+02 -0.2497961D-01 -0.3655746D+00
  0.6228838D+02  0.6229924D+02  0.6229784D+02  0.6228928D+02 -0.2493642D-01 -0.3657315D+00
  0.6155599D+02  0.6156404D+02  0.6156284D+02  0.6155710D+02 -0.2539857D-01 -0.3658701D+00
  0.6082160D+02  0.6083233D+02  0.6083084D+02  0.6082242D+02 -0.2548371D-01 -0.3659434D+00
  0.6008860D+02  0.6009653D+02  0.6009528D+02  0.6008967D+02 -0.2606255D-01 -0.3660071D+00
  0.5935373D+02  0.5936432D+02  0.5936291D+02  0.5935463D+02 -0.2610686D-01 -0.3660577D+00
  0.5862050D+02  0.5862830D+02  0.5862703D+02  0.5862154D+02 -0.2683811D-01 -0.3659592D+00
  0.5788549D+02  0.5789595D+02  0.5789445D+02  0.5788631D+02 -0.2705679D-01 -0.3660386D+00
  0.5715196D+02  0.5715964D+02  0.5715841D+02  0.5715305D+02 -0.2771326D-01 -0.3659365D+00
  0.5641682D+02  0.5642715D+02  0.5642568D+02  0.5641767D+02 -0.2802446D-01 -0.3658659D+00
  0.5568316D+02  0.5569072D+02  0.5568939D+02  0.5568414D+02 -0.2893101D-01 -0.3658372D+00
  0.5494764D+02  0.5495784D+02  0.5495637D+02  0.5494849D+02 -0.2911936D-01 -0.3657968D+00
  0.5421346D+02  0.5422091D+02  0.5421967D+02  0.5421453D+02 -0.3009486D-01 -0.3656671D+00
  0.5347750D+02  0.5348756D+02  0.5348600D+02  0.5347825D+02 -0.3045535D-01 -0.3657165D+00
  0.5274243D+02  0.5274977D+02  0.5274847D+02  0.5274344D+02 -0.3141118D-01 -0.3656092D+00
  0.5200531D+02  0.5201526D+02  0.5201381D+02  0.5200617D+02 -0.3172033D-01 -0.3657000D+00
  0.5126898D+02  0.5127623D+02  0.5127489D+02  0.5126996D+02 -0.3273842D-01 -0.3656022D+00
  0.5053035D+02  0.5054018D+02  0.5053861D+02  0.5053108D+02 -0.3312537D-01 -0.3657356D+00
  0.4979191D+02  0.4979906D+02  0.4979781D+02  0.4979295D+02 -0.3404324D-01 -0.3657923D+00
  0.4905106D+02  0.4906079D+02  0.4905926D+02  0.4905183D+02 -0.3423972D-01 -0.3658878D+00
  0.4831021D+02  0.4831728D+02  0.4831591D+02  0.4831114D+02 -0.3538341D-01 -0.3659174D+00
  0.4756645D+02  0.4757608D+02  0.4757453D+02  0.4756720D+02 -0.3541322D-01 -0.3662978D+00
  0.4682231D+02  0.4682931D+02  0.4682802D+02  0.4682332D+02 -0.3618284D-01 -0.3662222D+00
  0.4607540D+02  0.4608493D+02  0.4608334D+02  0.4607611D+02 -0.3639327D-01 -0.3665057D+00
  0.4532774D+02  0.4533466D+02  0.4533327D+02  0.4532863D+02 -0.3707186D-01 -0.3667122D+00
  0.4457700D+02  0.4458642D+02  0.4458489D+02  0.4457774D+02 -0.3675577D-01 -0.3669012D+00
  0.4382562D+02  0.4383247D+02  0.4383117D+02  0.4382659D+02 -0.3747935D-01 -0.3668971D+00
  0.4307142D+02  0.4308075D+02  0.4307906D+02  0.4307200D+02 -0.3708324D-01 -0.3672824D+00
  0.4231633D+02  0.4232311D+02  0.4232176D+02  0.4231724D+02 -0.3738294D-01 -0.3671237D+00
  0.4155874D+02  0.4156797D+02  0.4156644D+02  0.4155947D+02 -0.3676568D-01 -0.3673113D+00
  0.4080087D+02  0.4080758D+02  0.4080614D+02  0.4080169D+02 -0.3694340D-01 -0.3671061D+00
  0.4004095D+02  0.4005007D+02  0.4004839D+02  0.4004151D+02 -0.3609995D-01 -0.3670179D+00
  0.3928104D+02  0.3928766D+02  0.3928635D+02  0.3928196D+02 -0.3601793D-01 -0.3666667D+00
  0.3852012D+02  0.3852912D+02  0.3852746D+02  0.3852069D+02 -0.3476342D-01 -0.3663712D+00
  0.3776027D+02  0.3776679D+02  0.3776531D+02  0.3776100D+02 -0.3470069D-01 -0.3654018D+00
  0.3700023D+02  0.3700910D+02  0.3700743D+02  0.3700077D+02 -0.3342643D-01 -0.3650475D+00
  0.3624214D+02  0.3624856D+02  0.3624718D+02  0.3624295D+02 -0.3271644D-01 -0.3638645D+00
  0.3548566D+02  0.3549437D+02  0.3549263D+02  0.3548611D+02 -0.3136134D-01 -0.3625346D+00
  0.3473251D+02  0.3473880D+02  0.3473729D+02  0.3473318D+02 -0.3121588D-01 -0.3611108D+00
  0.3398188D+02  0.3399042D+02  0.3398871D+02  0.3398233D+02 -0.2925134D-01 -0.3598720D+00
  0.3323617D+02  0.3324232D+02  0.3324087D+02  0.3323688D+02 -0.2864869D-01 -0.3572833D+00
  0.3249524D+02  0.3250359D+02  0.3250177D+02  0.3249557D+02 -0.2763759D-01 -0.3553691D+00
  0.3176010D+02  0.3176609D+02  0.3176453D+02  0.3176067D+02 -0.2709723D-01 -0.3531518D+00
  0.3103080D+02  0.3103894D+02  0.3103719D+02  0.3103116D+02 -0.2519477D-01 -0.3504591D+00
  0.3030943D+02  0.3031523D+02  0.3031373D+02  0.3031003D+02 -0.2546929D-01 -0.3470058D+00
  0.2959533D+02  0.2960325D+02  0.2960134D+02  0.2959550D+02 -0.2452596D-01 -0.3446749D+00
  0.2888921D+02  0.2889482D+02  0.2889324D+02  0.2888969D+02 -0.2409909D-01 -0.3412409D+00
  0.2819163D+02  0.2819931D+02  0.2819755D+02  0.2819192D+02 -0.2319899D-01 -0.3376248D+00
  0.2750343D+02  0.2750884D+02  0.2750725D+02  0.2750387D+02 -0.2422770D-01 -0.3340241D+00
  0.2682360D+02  0.2683104D+02  0.2682906D+02  0.2682364D+02 -0.2345724D-01 -0.3312102D+00
  0.2615257D+02  0.2615779D+02  0.2615624D+02  0.2615303D+02 -0.2390706D-01 -0.3270044D+00
  0.2549067D+02  0.2549787D+02  0.2549607D+02  0.2549085D+02 -0.2405866D-01 -0.3235326D+00
  0.2483726D+02  0.2484229D+02  0.2484063D+02  0.2483756D+02 -0.2554493D-01 -0.3201830D+00
  0.2419137D+02  0.2419835D+02  0.2419641D+02  0.2419137D+02 -0.2520008D-01 -0.3172437D+00
  0.2355291D+02  0.2355777D+02  0.2355627D+02  0.2355333D+02 -0.2656568D-01 -0.3133212D+00
  0.2292164D+02  0.2292842D+02  0.2292658D+02  0.2292170D+02 -0.2720847D-01 -0.3107070D+00
  0.2229595D+02  0.2230068D+02  0.2229902D+02  0.2229618D+02 -0.2875543D-01 -0.3078859D+00
  0.2167531D+02  0.2168192D+02  0.2168004D+02  0.2167531D+02 -0.2862143D-01 -0.3054985D+00
  0.2105907D+02  0.2106367D+02  0.2106218D+02  0.2105943D+02 -0.3020932D-01 -0.3024864D+00
  0.2044690D+02  0.2045335D+02  0.2045150D+02  0.2044688D+02 -0.3047411D-01 -0.3008275D+00
  0.1983711D+02  0.1984162D+02  0.1983999D+02  0.1983729D+02 -0.3149915D-01 -0.2986001D+00
  0.1923003D+02  0.1923634D+02  0.1923450D+02  0.1922998D+02 -0.3087762D-01 -0.2968477D+00
  0.1862491D+02  0.1862933D+02  0.1862784D+02  0.1862519D+02 -0.3172483D-01 -0.2944525D+00
  0.1802234D+02  0.1802853D+02  0.1802665D+02  0.1802222D+02 -0.3087360D-01 -0.2931426D+00
  0.1742125D+02  0.1742559D+02  0.1742397D+02  0.1742136D+02 -0.3082893D-01 -0.2908187D+00
  0.1682333D+02  0.1682937D+02  0.1682750D+02  0.1682316D+02 -0.2911300D-01 -0.2888542D+00
  0.1622835D+02  0.1623259D+02  0.1623102D+02  0.1622847D+02 -0.2876431D-01 -0.2859416D+00
  0.1563836D+02  0.1564424D+02  0.1564230D+02  0.1563809D+02 -0.2668132D-01 -0.2836931D+00
  0.1505313D+02  0.1505725D+02  0.1505555D+02  0.1505307D+02 -0.2563662D-01 -0.2800284D+00
  0.1447569D+02  0.1448137D+02  0.1447939D+02  0.1447532D+02 -0.2308767D-01 -0.2765705D+00
  0.1390623D+02  0.1391018D+02  0.1390849D+02  0.1390612D+02 -0.2211065D-01 -0.2718399D+00
  0.1334780D+02  0.1335325D+02  0.1335120D+02  0.1334732D+02 -0.1965493D-01 -0.2675807D+00
  0.1280024D+02  0.1280399D+02  0.1280217D+02  0.1279995D+02 -0.1866428D-01 -0.2618018D+00
  0.1226691D+02  0.1227208D+02  0.1226997D+02  0.1226631D+02 -0.1650186D-01 -0.2563250D+00
  0.1174723D+02  0.1175074D+02  0.1174893D+02  0.1174690D+02 -0.1625603D-01 -0.2496469D+00
  0.1124385D+02  0.1124871D+02  0.1124660D+02  0.1124317D+02 -0.1485678D-01 -0.2437669D+00
  0.1075513D+02  0.1075839D+02  0.1075651D+02  0.1075466D+02 -0.1526041D-01 -0.2367576D+00
  0.1028324D+02  0.1028780D+02  0.1028567D+02  0.1028248D+02 -0.1460891D-01 -0.2305523D+00
  0.9825570D+01  0.9828589D+01  0.9826779D+01  0.9825103D+01 -0.1600796D-01 -0.2236519D+00
  0.9383165D+01  0.9387453D+01  0.9385424D+01  0.9382450D+01 -0.1622173D-01 -0.2182525D+00
  0.8952155D+01  0.8954976D+01  0.8953206D+01  0.8951668D+01 -0.1807930D-01 -0.2123453D+00
  0.8533236D+01  0.8537291D+01  0.8535274D+01  0.8532470D+01 -0.1845912D-01 -0.2078058D+00
  0.8122194D+01  0.8124862D+01  0.8123174D+01  0.8121727D+01 -0.2046133D-01 -0.2027975D+00
  0.7719582D+01  0.7723456D+01  0.7721606D+01  0.7718925D+01 -0.2083824D-01 -0.1996193D+00
  0.7320759D+01  0.7323331D+01  0.7321765D+01  0.7320357D+01 -0.2224014D-01 -0.1960438D+00
  0.6927245D+01  0.6930982D+01  0.6929112D+01  0.6926512D+01 -0.2149021D-01 -0.1937386D+00
  0.6535787D+01  0.6538285D+01  0.6536640D+01  0.6535250D+01 -0.2162744D-01 -0.1901450D+00
  0.6149807D+01  0.6153405D+01  0.6151541D+01  0.6149022D+01 -0.1992467D-01 -0.1874949D+00
  0.5766798D+01  0.5769210D+01  0.5767633D+01  0.5766272D+01 -0.1909894D-01 -0.1836105D+00
  0.5391561D+01  0.5394995D+01  0.5393097D+01  0.5390685D+01 -0.1625602D-01 -0.1803617D+00
  0.5023098D+01  0.5025377D+01  0.5023553D+01  0.5022262D+01 -0.1417936D-01 -0.1747837D+00
  0.4668620D+01  0.4671811D+01  0.4669602D+01  0.4667363D+01 -0.1079810D-01 -0.1687944D+00
  0.4327770D+01  0.4329826D+01  0.4327844D+01  0.4326699D+01 -0.9200346D-02 -0.1605500D+00
  0.4006961D+01  0.4009835D+01  0.4007704D+01  0.4005704D+01 -0.7129241D-02 -0.1530051D+00
  0.3703218D+01  0.3705014D+01  0.3703130D+01  0.3702168D+01 -0.6802182D-02 -0.1443292D+00
  0.3421320D+01  0.3423863D+01  0.3421676D+01  0.3419930D+01 -0.5750549D-02 -0.1364979D+00
  0.3157081D+01  0.3158612D+01  0.3156538D+01  0.3155761D+01 -0.6483328D-02 -0.1272390D+00
  0.2914233D+01  0.2916450D+01  0.2914251D+01  0.2912747D+01 -0.7161132D-02 -0.1192236D+00
  0.2685184D+01  0.2686498D+01  0.2684793D+01  0.2684153D+01 -0.9963135D-02 -0.1117227D+00
  0.2469351D+01  0.2471352D+01  0.2469860D+01  0.2468504D+01 -0.1203685D-01 -0.1078447D+00
  0.2255712D+01  0.2256965D+01  0.2255899D+01  0.2255267D+01 -0.1427737D-01 -0.1055684D+00
  0.2044917D+01  0.2046843D+01  0.2045561D+01  0.2044236D+01 -0.1366674D-01 -0.1053276D+00
  0.1831669D+01  0.1832921D+01  0.1831487D+01  0.1830812D+01 -0.1203683D-01 -0.1031461D+00
  0.1625194D+01  0.1626991D+01  0.1625022D+01  0.1623768D+01 -0.8220606D-02 -0.9927524D-01
  0.1426682D+01  0.1427793D+01  0.1425720D+01  0.1425111D+01 -0.5352704D-02 -0.9167569D-01
  0.1247276D+01  0.1248787D+01  0.1246564D+01  0.1245510D+01 -0.2622323D-02 -0.8315901D-01
  0.1084582D+01  0.1085446D+01  0.1083544D+01  0.1083094D+01 -0.2211869D-02 -0.7357187D-01
  0.9436416D+00  0.9448439D+00  0.9430826D+00  0.9422565D+00 -0.2126899D-02 -0.6595457D-01
  0.8160266D+00  0.8166945D+00  0.8152751D+00  0.8149507D+00 -0.3386916D-02 -0.5911762D-01
  0.7036180D+00  0.7046023D+00  0.7031816D+00  0.7025119D+00 -0.3718106D-02 -0.5451884D-01
  0.5980159D+00  0.5985730D+00  0.5972802D+00  0.5970099D+00 -0.4320117D-02 -0.4976792D-01
  0.5034579D+00  0.5042780D+00  0.5028344D+00  0.5022729D+00 -0.3652513D-02 -0.4594895D-01
  0.4143770D+00  0.4148384D+00  0.4134608D+00  0.4132284D+00 -0.3313568D-02 -0.4092481D-01
  0.3369919D+00  0.3376406D+00  0.3361585D+00  0.3357086D+00 -0.2175051D-02 -0.3638757D-01
  0.2667353D+00  0.2670818D+00  0.2657554D+00  0.2655779D+00 -0.1758542D-02 -0.3078130D-01
  0.2092146D+00  0.2096836D+00  0.2083457D+00  0.2080171D+00 -0.8992051D-03 -0.2612542D-01
  0.1591907D+00  0.1594218D+00  0.1583145D+00  0.1581975D+00 -0.8029931D-03 -0.2093222D-01
  0.1206511D+00  0.1209617D+00  0.1199003D+00  0.1196805D+00 -0.2911115D-03 -0.1707737D-01
  0.8820070D-01  0.8833935D-01  0.8752380D-01  0.8745570D-01 -0.4030588D-03 -0.1298062D-01
  0.6471520D-01  0.6490434D-01  0.6414613D-01  0.6401056D-01 -0.7165060D-04 -0.1023899D-01
  0.4528824D-01  0.4536450D-01  0.4482668D-01  0.4479000D-01 -0.2293586D-03 -0.7363894D-02
  0.3207847D-01  0.3218463D-01  0.3170317D-01  0.3162557D-01  0.2001062D-04 -0.5600509D-02
  0.2148734D-01  0.2152375D-01  0.2121748D-01  0.2120112D-01 -0.1228500D-03 -0.3784027D-02
  0.1464632D-01  0.1470313D-01  0.1442148D-01  0.1437839D-01  0.5023031D-04 -0.2798929D-02
  0.9257411D-02  0.9271588D-02  0.9126198D-02  0.9121130D-02 -0.8023244D-04 -0.1729011D-02
  0.6160220D-02  0.6187978D-02  0.6040103D-02  0.6018297D-02  0.4836759D-04 -0.1283449D-02
  0.3613521D-02  0.3618452D-02  0.3565931D-02  0.3564796D-02 -0.5401178D-04 -0.6926833D-03
  0.2389582D-02  0.2401393D-02  0.2327381D-02  0.2318010D-02  0.1558263D-04 -0.5572676D-03
  0.1331078D-02  0.1332621D-02  0.1314471D-02  0.1314378D-02  0.1682294D-05 -0.2674295D-03
  0.8447677D-03  0.8498131D-03  0.8136978D-03  0.8095230D-03  0.1534352D-04 -0.2085380D-03
  0.4250145D-03  0.4250710D-03  0.4247899D-03  0.4252141D-03 -0.3763826D-05 -0.7566474D-04
  0.2892249D-03  0.2911250D-03  0.2730264D-03  0.2714117D-03  0.6876246D-05 -0.8052047D-04
  0.1193811D-03  0.1194284D-03  0.1232269D-03  0.1233119D-03 -0.4008876D-05 -0.1416180D-04
  0.9030756D-04  0.9074939D-04  0.8492691D-04  0.8459696D-04 -0.2041284D-05 -0.2774628D-04
  0.4208724D-04  0.4221826D-04  0.4129118D-04  0.4120003D-04  0.1120387D-05 -0.9885848D-05
  0.2290157D-04  0.2300775D-04  0.2220873D-04  0.2212419D-04  0.2954965D-06 -0.5762334D-05
  0.1145837D-04  0.1148871D-04  0.1126022D-04  0.1124067D-04  0.2133700D-06 -0.2591048D-05
  0.6196116D-05  0.6230414D-05  0.5945656D-05  0.5916740D-05  0.9892174D-07 -0.1626496D-05
  0.2804366D-05  0.2808627D-05  0.2813000D-05  0.2811168D-05  0.6450232D-07 -0.5188137D-06
  0.1647034D-05  0.1657328D-05  0.1537080D-05  0.1528004D-05  0.1917489D-07 -0.4851989D-06
  0.5892915D-06  0.5899727D-06  0.6280693D-06  0.6277401D-06  0.2249925D-07 -0.3672428D-07
  0.3974718D-06  0.3993089D-06  0.3706817D-06  0.3693020D-06 -0.2796790D-07 -0.1160389D-06
  0.1671202D-06  0.1676098D-06  0.1642130D-06  0.1638455D-06  0.2573258D-08 -0.4164675D-07
  0.7876118D-07  0.7901671D-07  0.7612270D-07  0.7592404D-07  0.2208581D-08 -0.2004750D-07
   0.00   22295.22816   22295.22816       0.00000       0.00000
  10.00       5.94560       5.93945      -0.06452       0.03573
  20.00       1.65671       1.65063      -0.01446      -0.00800
  30.00       0.65728       0.65030      -0.00199      -0.00488
  40.00       0.21357       0.20598      -0.00559      -0.00226
  50.00       0.07797       0.07072      -0.01103      -0.00211
  60.00       0.02893       0.02182      -0.01098      -0.00029
  70.00       0.01336       0.00632      -0.00932      -0.00014
  80.00       0.00806       0.00106      -0.00730      -0.00005
  90.00       0.00693      -0.00018      -0.00567      -0.00051
 100.00       0.01955       0.01123      -0.00847      -0.00410
 110.00       0.00802       0.00031      -0.00108      -0.00037
 120.00       0.00636      -0.00113      -0.00199      -0.00085
 130.00       0.00467      -0.00274      -0.00126      -0.00033
 140.00       0.00406      -0.00327      -0.00082      -0.00015
 150.00       0.00412      -0.00327      -0.00051      -0.00027
 160.00       0.00585      -0.00184      -0.00059      -0.00127
 170.00       0.01009       0.00234      -0.00092      -0.00217
 180.00       0.01924      -0.01924       0.00000       0.00000
