0.84757606D+00     224
  0.1000000D+01  0.0000000D+00  0.0000000D+00  0.8770984D+00  0.0000000D+00  0.0000000D+00
  0.2197336D+01  0.0000000D+00  0.0000000D+00  0.2267527D+01  0.0000000D+00  0.0000000D+00
  0.3165113D+01  0.4083792D+01  0.3795570D+01  0.3015757D+01 -0.7769596D-01  0.6690183D-01
  0.3434119D+01  0.3847084D+01  0.3914656D+01  0.3563460D+01  0.2893370D-02 -0.3096645D-01
  0.4141082D+01  0.4403030D+01  0.4148349D+01  0.3966638D+01 -0.2385132D-01  0.2134242D-01
  0.4325788D+01  0.4497828D+01  0.4584353D+01  0.4443863D+01  0.5302593D-01 -0.1479757D+00
  0.4805408D+01  0.5014212D+01  0.4829000D+01  0.4682496D+01 -0.1178150D-01 -0.3536175D-01
  0.4915569D+01  0.5015896D+01  0.5069062D+01  0.5018114D+01  0.6298175D-01 -0.2353054D+00
  0.5114327D+01  0.5349524D+01  0.5203751D+01  0.5039987D+01 -0.2790596D-01 -0.1012360D+00
  0.5125146D+01  0.5180552D+01  0.5199903D+01  0.5212815D+01  0.4756311D-01 -0.2862063D+00
  0.5101229D+01  0.5353630D+01  0.5227716D+01  0.5054510D+01 -0.4574488D-01 -0.1770127D+00
  0.5002689D+01  0.5029118D+01  0.5036425D+01  0.5090059D+01  0.2887732D-01 -0.3039826D+00
  0.4849377D+01  0.5098068D+01  0.4973708D+01  0.4809305D+01 -0.5243191D-01 -0.2439535D+00
  0.4652401D+01  0.4663862D+01  0.4671623D+01  0.4744350D+01  0.1240971D-01 -0.2968747D+00
  0.4444885D+01  0.4671790D+01  0.4541601D+01  0.4398585D+01 -0.5118746D-01 -0.2870484D+00
  0.4177787D+01  0.4183084D+01  0.4195280D+01  0.4270575D+01  0.1357190D-03 -0.2769802D+00
  0.3958966D+01  0.4154121D+01  0.4022146D+01  0.3904588D+01 -0.4592199D-01 -0.3011851D+00
  0.3658387D+01  0.3661168D+01  0.3675554D+01  0.3744082D+01 -0.6622849D-02 -0.2527150D+00
  0.3446237D+01  0.3607318D+01  0.3482843D+01  0.3388741D+01 -0.3985851D-01 -0.2902253D+00
  0.3145629D+01  0.3146392D+01  0.3159016D+01  0.3217339D+01 -0.8696657D-02 -0.2278370D+00
  0.2945618D+01  0.3075245D+01  0.2967149D+01  0.2891989D+01 -0.3465686D-01 -0.2631787D+00
  0.2668035D+01  0.2666426D+01  0.2674637D+01  0.2722806D+01 -0.7928185D-02 -0.2031792D+00
  0.2482127D+01  0.2585116D+01  0.2498221D+01  0.2437585D+01 -0.3054783D-01 -0.2293672D+00
  0.2238958D+01  0.2235012D+01  0.2238176D+01  0.2277660D+01 -0.6140875D-02 -0.1786502D+00
  0.2069262D+01  0.2150713D+01  0.2085116D+01  0.2035729D+01 -0.2711837D-01 -0.1954393D+00
  0.1862851D+01  0.1857193D+01  0.1856185D+01  0.1888613D+01 -0.4520550D-02 -0.1543930D+00
  0.1711792D+01  0.1776137D+01  0.1728641D+01  0.1688353D+01 -0.2388832D-01 -0.1648004D+00
  0.1539215D+01  0.1532773D+01  0.1529140D+01  0.1555800D+01 -0.3530657D-02 -0.1310130D+00
  0.1408571D+01  0.1459323D+01  0.1425425D+01  0.1392820D+01 -0.2060171D-01 -0.1384751D+00
  0.1264845D+01  0.1258510D+01  0.1253785D+01  0.1275581D+01 -0.3141162D-02 -0.1093194D+00
  0.1155000D+01  0.1194865D+01  0.1170281D+01  0.1144293D+01 -0.1726106D-01 -0.1162320D+00
  0.1035101D+01  0.1029511D+01  0.1024839D+01  0.1042429D+01 -0.3101608D-02 -0.9000205D-01
  0.9449243D+00  0.9760201D+00  0.9574486D+00  0.9371227D+00 -0.1402701D-01 -0.9740392D-01
  0.8446816D+00  0.8401612D+00  0.8361857D+00  0.8501277D+00 -0.3145308D-02 -0.7344082D-01
  0.7718966D+00  0.7959415D+00  0.7812110D+00  0.7656136D+00 -0.1109441D-01 -0.8132436D-01
  0.6881405D+00  0.6847375D+00  0.6816686D+00  0.6925047D+00 -0.3096297D-02 -0.5967458D-01
  0.6298970D+00  0.6483286D+00  0.6362052D+00  0.6244251D+00 -0.8603868D-02 -0.6749314D-01
  0.5602269D+00  0.5578057D+00  0.5555714D+00  0.5638454D+00 -0.2893576D-02 -0.4847782D-01
  0.5136438D+00  0.5276749D+00  0.5175516D+00  0.5087435D+00 -0.6607428D-02 -0.5559050D-01
  0.4561198D+00  0.4544607D+00  0.4528598D+00  0.4590956D+00 -0.2562917D-02 -0.3947801D-01
  0.4186542D+00  0.4292943D+00  0.4208987D+00  0.4143308D+00 -0.5077749D-02 -0.4542419D-01
  0.3715673D+00  0.3704446D+00  0.3692598D+00  0.3739285D+00 -0.2169454D-02 -0.3226272D-01
  0.3411793D+00  0.3492458D+00  0.3424284D+00  0.3375092D+00 -0.3938877D-02 -0.3686047D-01
  0.3029419D+00  0.3021700D+00  0.3012286D+00  0.3047248D+00 -0.1777752D-02 -0.2645181D-01
  0.2780977D+00  0.2842314D+00  0.2788450D+00  0.2751257D+00 -0.3098647D-02 -0.2976831D-01
  0.2472286D+00  0.2466768D+00  0.2458691D+00  0.2485029D+00 -0.1431170D-02 -0.2173225D-01
  0.2268111D+00  0.2314992D+00  0.2273557D+00  0.2245121D+00 -0.2471687D-02 -0.2399092D-01
  0.2019653D+00  0.2015525D+00  0.2008250D+00  0.2028271D+00 -0.1148455D-02 -0.1786510D-01
  0.1851570D+00  0.1887614D+00  0.1856392D+00  0.1834443D+00 -0.1990795D-02 -0.1934506D-01
  0.1651611D+00  0.1648427D+00  0.1641795D+00  0.1657154D+00 -0.9296066D-03 -0.1467598D-01
  0.1513410D+00  0.1541268D+00  0.1517992D+00  0.1500950D+00 -0.1609304D-02 -0.1563746D-01
  0.1352127D+00  0.1349652D+00  0.1343696D+00  0.1355559D+00 -0.7641372D-03 -0.1203919D-01
  0.1238821D+00  0.1260432D+00  0.1243058D+00  0.1229804D+00 -0.1298282D-02 -0.1268440D-01
  0.1108273D+00  0.1106382D+00  0.1101179D+00  0.1110370D+00 -0.6381179D-03 -0.9861660D-02
  0.1015668D+00  0.1032469D+00  0.1019332D+00  0.1009044D+00 -0.1041536D-02 -0.1032563D-01
  0.9096009D-01  0.9082060D-01  0.9037968D-01  0.9109136D-01 -0.5387657D-03 -0.8070347D-02
  0.8340839D-01  0.8471530D-01  0.8370158D-01  0.8290605D-01 -0.8303366D-03 -0.8430292D-02
  0.7476350D-01  0.7466553D-01  0.7430162D-01  0.7485116D-01 -0.4566171D-03 -0.6604094D-02
  0.6860902D-01  0.6962561D-01  0.6882616D-01  0.6821366D-01 -0.6590992D-03 -0.6896679D-02
  0.6154867D-01  0.6148397D-01  0.6118909D-01  0.6161185D-01 -0.3858845D-03 -0.5409390D-02
  0.5652690D-01  0.5731770D-01  0.5667638D-01  0.5620629D-01 -0.5227484D-03 -0.5648112D-02
  0.5075521D-01  0.5071566D-01  0.5047862D-01  0.5080288D-01 -0.3237435D-03 -0.4438831D-02
  0.4664675D-01  0.4726237D-01  0.4674320D-01  0.4638276D-01 -0.4158182D-03 -0.4627469D-02
  0.4192764D-01  0.4190592D-01  0.4171488D-01  0.4196330D-01 -0.2692141D-03 -0.3650936D-02
  0.3855469D-01  0.3903480D-01  0.3861405D-01  0.3833724D-01 -0.3326568D-03 -0.3791808D-02
  0.3469646D-01  0.3468653D-01  0.3453091D-01  0.3472146D-01 -0.2221116D-03 -0.3010348D-02
  0.3191752D-01  0.3229301D-01  0.3195363D-01  0.3174020D-01 -0.2679678D-03 -0.3107954D-02
  0.2876257D-01  0.2875993D-01  0.2863129D-01  0.2877794D-01 -0.1823181D-03 -0.2487831D-02
  0.2646613D-01  0.2676084D-01  0.2648912D-01  0.2632370D-01 -0.2172443D-03 -0.2549323D-02
  0.2388433D-01  0.2388589D-01  0.2377811D-01  0.2389152D-01 -0.1494319D-03 -0.2059878D-02
  0.2198245D-01  0.2221466D-01  0.2199866D-01  0.2186974D-01 -0.1769564D-03 -0.2093897D-02
  0.1986665D-01  0.1987047D-01  0.1977939D-01  0.1986752D-01 -0.1227167D-03 -0.1707983D-02
  0.1828938D-01  0.1847301D-01  0.1830206D-01  0.1820114D-01 -0.1445203D-03 -0.1723096D-02
  0.1655191D-01  0.1655689D-01  0.1647972D-01  0.1654849D-01 -0.1012183D-03 -0.1417724D-02
  0.1524283D-01  0.1538849D-01  0.1525324D-01  0.1517399D-01 -0.1181296D-03 -0.1421194D-02
  0.1381259D-01  0.1381812D-01  0.1375292D-01  0.1380673D-01 -0.8392924D-04 -0.1177842D-02
  0.1272550D-01  0.1284132D-01  0.1273388D-01  0.1267156D-01 -0.9654068D-04 -0.1175025D-02
  0.1154523D-01  0.1155099D-01  0.1149620D-01  0.1153836D-01 -0.6992679D-04 -0.9794315D-03
  0.1064189D-01  0.1073414D-01  0.1064817D-01  0.1059916D-01 -0.7887320D-04 -0.9737579D-03
  0.9665619D-02  0.9671413D-02  0.9625687D-02  0.9658714D-02 -0.5845158D-04 -0.8153125D-03
  0.8914226D-02  0.8987833D-02  0.8918424D-02  0.8879894D-02 -0.6446032D-04 -0.8086412D-03
  0.8105086D-02  0.8110772D-02  0.8072806D-02  0.8098670D-02 -0.4892944D-04 -0.6795837D-03
  0.7479196D-02  0.7538012D-02  0.7481517D-02  0.7451237D-02 -0.5275530D-04 -0.6727105D-03
  0.6807461D-02  0.6812920D-02  0.6781481D-02  0.6801730D-02 -0.4095231D-04 -0.5673292D-03
  0.6285180D-02  0.6332261D-02  0.6285999D-02  0.6262195D-02 -0.4328468D-04 -0.5604678D-03
  0.5726743D-02  0.5731878D-02  0.5705832D-02  0.5721692D-02 -0.3423861D-04 -0.4744330D-03
  0.5290046D-02  0.5327812D-02  0.5289808D-02  0.5271070D-02 -0.3563230D-04 -0.4675732D-03
  0.4825215D-02  0.4829954D-02  0.4808307D-02  0.4820748D-02 -0.2859019D-04 -0.3974568D-03
  0.4459335D-02  0.4489703D-02  0.4458460D-02  0.4443675D-02 -0.2943847D-04 -0.3905751D-03
  0.4071930D-02  0.4076231D-02  0.4058150D-02  0.4067933D-02 -0.2385660D-04 -0.3335504D-03
  0.3764798D-02  0.3789285D-02  0.3763618D-02  0.3751918D-02 -0.2440254D-04 -0.3266942D-03
  0.3441473D-02  0.3445324D-02  0.3430145D-02  0.3437861D-02 -0.1991127D-04 -0.2803738D-03
  0.3183226D-02  0.3203025D-02  0.3181964D-02  0.3172675D-02 -0.2028274D-04 -0.2736617D-03
  0.2912959D-02  0.2916372D-02  0.2903575D-02  0.2909679D-02 -0.1663932D-04 -0.2360215D-03
  0.2695506D-02  0.2711557D-02  0.2694283D-02  0.2686888D-02 -0.1689112D-04 -0.2296051D-03
  0.2469202D-02  0.2472206D-02  0.2461389D-02  0.2466232D-02 -0.1393399D-04 -0.1989498D-03
  0.2285872D-02  0.2298916D-02  0.2284736D-02  0.2278835D-02 -0.1408481D-04 -0.1929690D-03
  0.2096035D-02  0.2098668D-02  0.2089519D-02  0.2093368D-02 -0.1169775D-04 -0.1679089D-03
  0.1941298D-02  0.1951921D-02  0.1940254D-02  0.1935537D-02 -0.1175568D-04 -0.1624611D-03
  0.1781761D-02  0.1784064D-02  0.1776331D-02  0.1779394D-02 -0.9844753D-05 -0.1418824D-03
  0.1651008D-02  0.1659675D-02  0.1650043D-02  0.1646268D-02 -0.9820520D-05 -0.1370105D-03
  0.1516701D-02  0.1518712D-02  0.1512184D-02  0.1514623D-02 -0.8302646D-05 -0.1200377D-03
  0.1406080D-02  0.1413164D-02  0.1405179D-02  0.1402156D-02 -0.8213269D-05 -0.1157352D-03
  0.1292827D-02  0.1294584D-02  0.1289078D-02  0.1291021D-02 -0.7012841D-05 -0.1016868D-03
  0.1199116D-02  0.1204916D-02  0.1198270D-02  0.1195848D-02 -0.6879527D-05 -0.9791243D-04
  0.1103474D-02  0.1105006D-02  0.1100365D-02  0.1101913D-02 -0.5929264D-05 -0.8625734D-04
  0.1023975D-02  0.1028732D-02  0.1023183D-02  0.1021241D-02 -0.5773305D-05 -0.8295175D-04
  0.9430916D-03  0.9444262D-03  0.9405114D-03  0.9417463D-03 -0.5016188D-05 -0.7327087D-04
  0.8755510D-03  0.8794607D-03  0.8748163D-03  0.8732571D-03 -0.4855332D-05 -0.7037122D-04
  0.8070581D-03  0.8082189D-03  0.8049114D-03  0.8058977D-03 -0.4245762D-05 -0.6232691D-04
  0.7495934D-03  0.7528131D-03  0.7489208D-03  0.7476666D-03 -0.4092248D-05 -0.5977629D-04
  0.6915161D-03  0.6925240D-03  0.6897233D-03  0.6905123D-03 -0.3595766D-05 -0.5309074D-04
  0.6425553D-03  0.6452125D-03  0.6419480D-03  0.6409372D-03 -0.3456144D-05 -0.5084224D-04
  0.5932438D-03  0.5941175D-03  0.5917399D-03  0.5923725D-03 -0.3047869D-05 -0.4528342D-04
  0.5514733D-03  0.5536708D-03  0.5509313D-03  0.5501149D-03 -0.2924107D-05 -0.4330021D-04
  0.5095467D-03  0.5103032D-03  0.5082802D-03  0.5087884D-03 -0.2586481D-05 -0.3867316D-04
  0.4738664D-03  0.4756875D-03  0.4733868D-03  0.4727262D-03 -0.2477635D-05 -0.3692628D-04
  0.4381685D-03  0.4388229D-03  0.4370986D-03  0.4375077D-03 -0.2198101D-05 -0.3306769D-04
  0.4076550D-03  0.4091671D-03  0.4072326D-03  0.4066970D-03 -0.2101934D-05 -0.3153323D-04
  0.3772170D-03  0.3777829D-03  0.3763117D-03  0.3766414D-03 -0.1871008D-05 -0.2830752D-04
  0.3510928D-03  0.3523505D-03  0.3507212D-03  0.3502864D-03 -0.1785177D-05 -0.2696421D-04
  0.3251032D-03  0.3255925D-03  0.3243365D-03  0.3246026D-03 -0.1595118D-05 -0.2426009D-04
  0.3027120D-03  0.3037600D-03  0.3023848D-03  0.3020315D-03 -0.1517817D-05 -0.2308783D-04
  0.2804903D-03  0.2809136D-03  0.2798410D-03  0.2800558D-03 -0.1361897D-05 -0.2081480D-04
  0.2612774D-03  0.2621520D-03  0.2609886D-03  0.2607011D-03 -0.1292025D-05 -0.1979416D-04
  0.2422522D-03  0.2426185D-03  0.2417024D-03  0.2418759D-03 -0.1164249D-05 -0.1787901D-04
  0.2257476D-03  0.2264787D-03  0.2254923D-03  0.2252582D-03 -0.1101266D-05 -0.1699135D-04
  0.2094388D-03  0.2097559D-03  0.2089729D-03  0.2091133D-03 -0.9963488D-06 -0.1537479D-04
  0.1952444D-03  0.1958565D-03  0.1950185D-03  0.1948278D-03 -0.9400137D-06 -0.1460274D-04
  0.1812473D-03  0.1815218D-03  0.1808521D-03  0.1809657D-03 -0.8534485D-06 -0.1323642D-04
  0.1690256D-03  0.1695389D-03  0.1688258D-03  0.1686702D-03 -0.8035714D-06 -0.1256432D-04
  0.1569985D-03  0.1572361D-03  0.1566627D-03  0.1567547D-03 -0.7316706D-06 -0.1140837D-04
  0.1464633D-03  0.1468945D-03  0.1462869D-03  0.1461598D-03 -0.6879517D-06 -0.1082253D-04
  0.1361170D-03  0.1363228D-03  0.1358310D-03  0.1359056D-03 -0.6278177D-06 -0.9843710D-05
  0.1270255D-03  0.1273884D-03  0.1268703D-03  0.1267662D-03 -0.5897939D-06 -0.9332476D-05
  0.1181150D-03  0.1182933D-03  0.1178709D-03  0.1179315D-03 -0.5392171D-06 -0.8502819D-05
  0.1102611D-03  0.1105670D-03  0.1101247D-03  0.1100394D-03 -0.5062896D-06 -0.8056352D-05
  0.1025784D-03  0.1027328D-03  0.1023695D-03  0.1024189D-03 -0.4636042D-06 -0.7352250D-05
  0.9578663D-04  0.9604484D-04  0.9566688D-04  0.9559693D-04 -0.4351105D-06 -0.6962259D-05
  0.8915507D-04  0.8928881D-04  0.8897598D-04  0.8901617D-04 -0.3990426D-06 -0.6363780D-05
  0.8327597D-04  0.8349430D-04  0.8317096D-04  0.8311348D-04 -0.3743331D-06 -0.6023197D-05
  0.7754533D-04  0.7766124D-04  0.7739157D-04  0.7742436D-04 -0.3438714D-06 -0.5513583D-05
  0.7245142D-04  0.7263630D-04  0.7235931D-04  0.7231204D-04 -0.3223676D-06 -0.5216283D-05
  0.6749391D-04  0.6759441D-04  0.6736176D-04  0.6738853D-04 -0.2966695D-06 -0.4781514D-05
  0.6307618D-04  0.6323295D-04  0.6299533D-04  0.6295641D-04 -0.2778923D-06 -0.4522109D-05
  0.5878295D-04  0.5887014D-04  0.5866929D-04  0.5869117D-04 -0.2562288D-06 -0.4150510D-05
  0.5494812D-04  0.5508123D-04  0.5487707D-04  0.5484500D-04 -0.2397993D-06 -0.3924213D-05
  0.5122637D-04  0.5130205D-04  0.5112854D-04  0.5114644D-04 -0.2215288D-06 -0.3606076D-05
  0.4789449D-04  0.4800767D-04  0.4783200D-04  0.4780556D-04 -0.2071514D-06 -0.3408630D-05
  0.4466499D-04  0.4473072D-04  0.4458072D-04  0.4459537D-04 -0.1917129D-06 -0.3135877D-05
  0.4176751D-04  0.4186386D-04  0.4171251D-04  0.4169069D-04 -0.1791501D-06 -0.2963515D-05
  0.3896252D-04  0.3901962D-04  0.3888984D-04  0.3890184D-04 -0.1660622D-06 -0.2729392D-05
  0.3644058D-04  0.3652272D-04  0.3639215D-04  0.3637413D-04 -0.1551117D-06 -0.2578812D-05
  0.3400207D-04  0.3405170D-04  0.3393930D-04  0.3394915D-04 -0.1439722D-06 -0.2377639D-05
  0.3180513D-04  0.3187523D-04  0.3176248D-04  0.3174759D-04 -0.1344505D-06 -0.2245975D-05
  0.2968334D-04  0.2972650D-04  0.2962905D-04  0.2963714D-04 -0.1249307D-06 -0.2072942D-05
  0.2776792D-04  0.2782784D-04  0.2773038D-04  0.2771805D-04 -0.1166645D-06 -0.1957723D-05
  0.2592013D-04  0.2595766D-04  0.2587309D-04  0.2587974D-04 -0.1085004D-06 -0.1808739D-05
  0.2424883D-04  0.2430011D-04  0.2421579D-04  0.2420558D-04 -0.1013250D-06 -0.1707840D-05
  0.2263829D-04  0.2267096D-04  0.2259747D-04  0.2260296D-04 -0.9430536D-07 -0.1579415D-05
  0.2117891D-04  0.2122284D-04  0.2114982D-04  0.2114136D-04 -0.8806746D-07 -0.1491009D-05
  0.1977402D-04  0.1980246D-04  0.1973855D-04  0.1974308D-04 -0.8202163D-07 -0.1380161D-05
  0.1849878D-04  0.1853646D-04  0.1847317D-04  0.1846615D-04 -0.7658563D-07 -0.1302670D-05
  0.1727235D-04  0.1729711D-04  0.1724149D-04  0.1724523D-04 -0.7137268D-07 -0.1206855D-05
  0.1615729D-04  0.1618963D-04  0.1613472D-04  0.1612889D-04 -0.6662494D-07 -0.1138904D-05
  0.1508590D-04  0.1510747D-04  0.1505902D-04  0.1506211D-04 -0.6212785D-07 -0.1055960D-05
  0.1411033D-04  0.1413813D-04  0.1409043D-04  0.1408559D-04 -0.5797621D-07 -0.9963463D-06
  0.1317381D-04  0.1319261D-04  0.1315037D-04  0.1315293D-04 -0.5410010D-07 -0.9244412D-06
  0.1231986D-04  0.1234376D-04  0.1230228D-04  0.1229827D-04 -0.5047032D-07 -0.8721116D-06
  0.1150078D-04  0.1151717D-04  0.1148033D-04  0.1148246D-04 -0.4713779D-07 -0.8096933D-06
  0.1075297D-04  0.1077355D-04  0.1073744D-04  0.1073410D-04 -0.4397205D-07 -0.7637360D-06
  0.1003629D-04  0.1005058D-04  0.1001842D-04  0.1002019D-04 -0.4111234D-07 -0.7094916D-06
  0.9381161D-05  0.9398888D-05  0.9367427D-05  0.9364660D-05 -0.3836507D-07 -0.6691150D-06
  0.8753811D-05  0.8766274D-05  0.8738183D-05  0.8739656D-05 -0.3590938D-07 -0.6219403D-06
  0.8179655D-05  0.8194938D-05  0.8167504D-05  0.8165208D-05 -0.3353098D-07 -0.5864524D-06
  0.7630252D-05  0.7641124D-05  0.7616570D-05  0.7617799D-05 -0.3141765D-07 -0.5454096D-06
  0.7126847D-05  0.7140032D-05  0.7116088D-05  0.7114182D-05 -0.2934543D-07 -0.5142116D-06
  0.6645472D-05  0.6654957D-05  0.6633481D-05  0.6634508D-05 -0.2751195D-07 -0.4784770D-06
  0.6203902D-05  0.6215284D-05  0.6194375D-05  0.6192792D-05 -0.2569002D-07 -0.4510453D-06
  0.5781942D-05  0.5790218D-05  0.5771413D-05  0.5772272D-05 -0.2406694D-07 -0.4198946D-06
  0.5394477D-05  0.5404308D-05  0.5386037D-05  0.5384723D-05 -0.2245290D-07 -0.3957377D-06
  0.5024500D-05  0.5031721D-05  0.5015244D-05  0.5015964D-05 -0.2100186D-07 -0.3685438D-06
  0.4684498D-05  0.4692992D-05  0.4677004D-05  0.4675914D-05 -0.1955561D-07 -0.3472204D-06
  0.4360130D-05  0.4366428D-05  0.4351984D-05  0.4352589D-05 -0.1827703D-07 -0.3234137D-06
  0.4061888D-05  0.4069229D-05  0.4055231D-05  0.4054329D-05 -0.1700188D-07 -0.3045736D-06
  0.3777655D-05  0.3783146D-05  0.3770463D-05  0.3770974D-05 -0.1588912D-07 -0.2836855D-06
  0.3516220D-05  0.3522561D-05  0.3510303D-05  0.3509559D-05 -0.1481239D-07 -0.2670194D-06
  0.3267307D-05  0.3272092D-05  0.3260963D-05  0.3261397D-05 -0.1388294D-07 -0.2487235D-06
  0.3038269D-05  0.3043747D-05  0.3032996D-05  0.3032383D-05 -0.1296989D-07 -0.2340112D-06
  0.2820342D-05  0.2824509D-05  0.2814747D-05  0.2815116D-05 -0.1221020D-07 -0.2179948D-06
  0.2619678D-05  0.2624411D-05  0.2615000D-05  0.2614496D-05 -0.1143412D-07 -0.2050835D-06
  0.2428824D-05  0.2432454D-05  0.2423876D-05  0.2424187D-05 -0.1074161D-07 -0.1910969D-06
  0.2252954D-05  0.2257043D-05  0.2248787D-05  0.2248372D-05 -0.1002798D-07 -0.1797136D-06
  0.2085765D-05  0.2088926D-05  0.2081405D-05  0.2081668D-05 -0.9385757D-08 -0.1674759D-06
  0.1931676D-05  0.1935208D-05  0.1927950D-05  0.1927609D-05 -0.8672853D-08 -0.1574159D-06
  0.1785389D-05  0.1788136D-05  0.1781496D-05  0.1781720D-05 -0.8044448D-08 -0.1465606D-06
  0.1650669D-05  0.1653714D-05  0.1647342D-05  0.1647064D-05 -0.7436747D-08 -0.1375568D-06
  0.1523029D-05  0.1525412D-05  0.1519577D-05  0.1519770D-05 -0.6917499D-08 -0.1279706D-06
  0.1405620D-05  0.1408240D-05  0.1402616D-05  0.1402392D-05 -0.6409909D-08 -0.1199378D-06
  0.1294551D-05  0.1296613D-05  0.1291475D-05  0.1291642D-05 -0.6048862D-08 -0.1114454D-06
  0.1192379D-05  0.1194632D-05  0.1189736D-05  0.1189557D-05 -0.5723049D-08 -0.1044377D-06
  0.1095704D-05  0.1097489D-05  0.1092998D-05  0.1093140D-05 -0.5399643D-08 -0.9715299D-07
  0.1006671D-05  0.1008608D-05  0.1004285D-05  0.1004140D-05 -0.5008772D-08 -0.9102000D-07
  0.9224446D-06  0.9239886D-06  0.9200326D-06  0.9201521D-06 -0.4658111D-08 -0.8457103D-07
  0.8449246D-06  0.8465865D-06  0.8428156D-06  0.8426983D-06 -0.4270599D-08 -0.7915101D-07
  0.7717867D-06  0.7731179D-06  0.7696206D-06  0.7697225D-06 -0.3853882D-08 -0.7342555D-07
  0.7047509D-06  0.7061689D-06  0.7027769D-06  0.7026859D-06 -0.3451465D-08 -0.6837889D-07
  0.6418495D-06  0.6429864D-06  0.6398799D-06  0.6399700D-06 -0.3248195D-08 -0.6307667D-07
  0.5843414D-06  0.5855451D-06  0.5826436D-06  0.5825749D-06 -0.3169907D-08 -0.5870432D-07
  0.5302538D-06  0.5312282D-06  0.5285958D-06  0.5286721D-06 -0.3066140D-08 -0.5443433D-07
  0.4805729D-06  0.4816001D-06  0.4790524D-06  0.4789971D-06 -0.2774218D-08 -0.5082389D-07
  0.4338523D-06  0.4346859D-06  0.4322892D-06  0.4323522D-06 -0.2424173D-08 -0.4690693D-07
  0.3912256D-06  0.3920917D-06  0.3897957D-06  0.3897542D-06 -0.2138213D-08 -0.4336283D-07
  0.3515032D-06  0.3522058D-06  0.3501210D-06  0.3501761D-06 -0.2004067D-08 -0.3975479D-07
  0.3154408D-06  0.3161663D-06  0.3142094D-06  0.3141801D-06 -0.1905387D-08 -0.3674132D-07
  0.2818159D-06  0.2824085D-06  0.2806074D-06  0.2806539D-06 -0.1786228D-08 -0.3375534D-07
  0.2512514D-06  0.2518583D-06  0.2501321D-06  0.2501107D-06 -0.1606694D-08 -0.3115267D-07
  0.2228171D-06  0.2233136D-06  0.2217137D-06  0.2217520D-06 -0.1434560D-08 -0.2845467D-07
  0.1971364D-06  0.1976380D-06  0.1961232D-06  0.1961087D-06 -0.1283069D-08 -0.2607457D-07
  0.1734086D-06  0.1738195D-06  0.1724303D-06  0.1724622D-06 -0.1168542D-08 -0.2367935D-07
  0.1521058D-06  0.1525162D-06  0.1512054D-06  0.1511966D-06 -0.1059563D-08 -0.2160951D-07
  0.1325028D-06  0.1328399D-06  0.1316339D-06  0.1316598D-06 -0.9559500D-09 -0.1953212D-07
  0.1149947D-06  0.1153267D-06  0.1141868D-06  0.1141821D-06 -0.8490755D-09 -0.1772031D-07
  0.9898173D-07  0.9925475D-07  0.9820801D-07  0.9822872D-07 -0.7521436D-09 -0.1589142D-07
   0.00     112.83459     112.83459       0.00000       0.00000
  10.00      20.40270      20.22269       0.10281       1.64189
  20.00       3.77400       3.58596      -0.04634       0.32951
  30.00       1.91588       1.80676      -0.02785       0.03273
  40.00       1.24959       1.15826       0.01839      -0.02613
  50.00       0.84317       0.75720       0.04395      -0.04334
  60.00       0.57523       0.48809       0.05066      -0.04638
  70.00       0.39723       0.30701       0.04812      -0.04266
  80.00       0.27873       0.18764       0.04367      -0.03656
  90.00       0.20008       0.11150       0.03944      -0.03092
 100.00       0.14881       0.06416       0.03552      -0.02684
 110.00       0.11699       0.03524       0.03227      -0.02472
 120.00       0.10008       0.01818       0.03044      -0.02539
 130.00       0.09767       0.00908       0.03105      -0.03146
 140.00       0.11917       0.00574       0.03600      -0.05218
 150.00       0.21504       0.01200       0.05609      -0.12816
 160.00       0.46905       0.02567       0.12940      -0.28009
 170.00       0.62258      -0.13982       0.17333      -0.05838
 180.00       1.11534      -1.11534       0.00000       0.00000
